500
7
19
411
637
947
565
880
88
263
906
642
765
906
119
704
186
859
309
799
575
250
514
896
705
167
660
80
768
6
87
610
378
342
1000
242
95
340
25
655
374
317
354
712
256
970
459
600
892
964
786
814
3
632
113
806
113
828
769
63
478
377
577
596
521
964
643
944
48
634
975
368
577
865
956
322
227
340
12
415
233
848
402
209
983
708
645
282
638
177
59
626
106
823
79
685
970
459
95
973
468
432
293
498
787
903
351
271
38
157
198
844
806
351
818
558
87
451
904
827
968
545
631
893
298
522
779
392
189
575
544
632
265
647
164
774
519
468
301
172
370
857
874
701
414
283
215
590
858
307
724
686
431
975
530
88
158
332
127
59
866
109
636
959
187
26
26
157
279
228
296
130
778
730
927
206
815
178
803
450
498
310
618
58
903
564
19
438
622
374
796
343
99
940
232
268
440
788
371
696
725
985
239
612
989
97
540
242
834
377
359
726
258
444
90
659
444
969
867
542
802
886
964
96
425
557
412
834
514
16
518
599
263
275
292
771
461
929
786
496
783
527
44
645
211
39
292
49
801
680
849
250
203
293
953
190
535
356
331
551
529
314
379
816
60
351
789
911
200
946
706
390
726
224
895
44
423
896
749
253
279
571
316
450
627
913
98
33
215
847
89
258
944
168
824
408
689
256
726
228
478
809
395
140
491
501
302
199
72
877
224
846
575
939
900
432
574
442
559
950
534
125
647
9
255
870
596
699
258
88
94
832
562
261
518
755
600
314
896
988
805
645
357
334
314
610
522
540
864
69
291
352
611
342
315
338
37
946
948
972
882
224
208
472
699
739
678
98
831
756
383
929
470
767
5
760
677
56
733
260
126
63
563
724
850
787
692
476
640
186
418
777
268
680
456
524
563
961
213
539
242
725
227
741
402
246
946
172
382
208
854
360
495
485
868
532
285
0
325
382
671
736
920
463
28
705
14
23
739
334
708
641
47
277
128
232
174
677
111
314
773
235
699
273
516
703
362
839
267
478
76
979
847
549
627
24
538
606
51
603
943
807
788
170
105
250
292
426
206
64
69
439
656
63
160
800
551
237
564
224
68
829
925
212
958
934
335
662
233
802
783
287
353
582
51
770
675
786
754
670
445
610
575
865
10
827
941
40
869
951
170
980
372
786
648
302
753
372
630
818
854
509
601
733
278
186
119
380
900
871
263
611
172
432
629
699
401
233
152
694
712
556
908
189
249
771
341
627
417
530
246
738
959
531
658
572
654
425
2
388
120
219
324
649
620
274
234
233
129
864
49
357
950
638
322
828
380
747
574
764
84
189
505
390
774
908
621
461
913
11
752
563
28
132
20
823
181
893
420
44
834
693
495
268
185
822
75
623
392
63
46
546
563
468
605
954
493
431
866
480
797
351
843
237
922
887
905
542
903
470
36
721
880
746
468
230
915
967
802
813
84
657
954
432
976
405
346
934
335
859
360
56
30
785
707
378
500
532
550
991
53
666
505
952
630
102
729
222
283
224
541
559
456
57
500
300
806
945
844
883
727
246
805
957
916
774
5
725
851
670
344
575
834
43
321
839
640
395
699
307
111
464
167
76
856
823
380
75
143
201
694
499
132
398
875
868
526
627
862
228
328
849
59
759
481
924
218
795
864
363
19
436
511
897
571
536
31
857
520
965
915
65
23
876
993
997
246
420
418
867
913
992
910
373
840
81
814
968
67
886
145
876
71
260
455
350
569
30
110
347
785
279
560
888
136
932
365
430
405
957
929
618
187
824
592
557
613
995
705
208
361
699
427
455
689
961
490
624
570
39
361
211
320
289
909
19
808
189
944
909
37
966
551
833
363
193
346
229
211
474
500
555
754
918
179
745
944
914
662
80
347
348
933
301
481
818
689
45
555
905
457
144
2
592
538
354
21
790
137
59
895
93
871
700
64
172
923
453
412
879
787
91
532
795
584
560
320
866
859
854
192
925
758
858
961
221
559
426
750
107
860
430
425
393
110
712
187
850
998
419
423
108
905
553
175
780
398
597
409
968
709
53
101
283
543
679
901
608
351
162
667
19
14
72
506
732
631
324
934
239
770
771
793
884
948
397
313
687
222
674
864
85
152
469
163
81
570
552
744
825
307
928
25
639
8
523
411
421
511
496
579
948
990
601
139
702
749
360
595
620
729
764
520
447
963
81
115
176
232
719
141
149
728
306
549
998
154
45
571
147
628
323
604
76
39
948
67
1000
601
458
48
151
448
454
246
188
49
404
145
973
