960
824
304
300
112
225
383
950
272
946
952
726
82
190
157
834
995
402
830
392
259
877
338
682
889
506
583
97
955
832
842
528
932
59
771
52
252
62
642
782
177
184
393
206
941
914
904
258
247
148
886
63
71
79
229
190
151
656
454
286
447
264
806
258
210
230
158
172
152
352
4
460
389
898
414
773
710
716
531
577
472
224
366
633
428
549
870
266
703
165
894
743
122
373
296
560
864
910
461
251
418
382
672
881
110
316
102
869
404
987
10
739
838
345
407
587
699
21
147
627
537
587
299
529
730
848
87
289
295
271
82
536
831
90
260
662
186
815
907
542
554
558
78
880
763
564
757
363
241
200
495
476
657
530
463
820
134
740
557
713
248
105
655
615
933
493
77
249
740
154
432
594
363
271
458
993
770
112
565
515
224
779
421
830
328
624
709
64
98
839
144
424
970
28
839
524
582
749
29
105
347
564
325
329
920
517
113
127
492
279
681
294
434
813
960
144
451
729
284
6
112
36
758
892
205
473
85
946
123
222
53
949
550
245
745
109
210
759
218
661
820
136
354
622
682
628
435
723
986
911
97
687
647
226
908
365
38
73
118
995
122
616
879
239
280
172
684
429
789
572
388
508
192
877
646
742
920
300
552
120
263
117
874
43
84
276
193
764
135
965
519
89
790
840
906
707
583
575
976
2
145
997
448
324
932
583
160
287
31
453
921
187
157
702
750
598
55
423
266
16
837
866
656
810
436
336
396
587
245
691
49
878
468
817
695
209
282
68
212
618
56
201
443
59
599
92
814
171
104
676
675
579
757
268
793
490
548
868
846
416
590
769
865
913
521
689
729
536
447
891
717
294
707
308
201
87
951
264
153
720
699
382
927
928
138
26
784
518
1
882
519
41
326
159
391
363
580
756
448
86
35
95
815
397
760
257
875
351
177
927
334
760
221
285
806
26
640
669
818
756
540
331
527
948
502
879
199
42
601
627
447
624
793
54
319
628
909
546
501
175
697
481
434
655
341
381
737
113
976
917
722
969
595
556
65
522
797
823
782
734
357
423
58
267
198
33
443
491
528
843
74
964
859
480
538
809
610
163
738
875
71
338
323
883
475
265
455
115
117
72
860
263
808
510
371
649
697
551
348
64
720
679
189
806
718
202
4
860
330
513
292
228
315
550
649
295
863
558
114
736
152
603
995
847
977
36
161
519
739
969
603
505
541
458
625
755
672
943
309
723
138
492
652
0
656
914
78
700
753
946
217
594
858
740
111
97
204
995
549
177
897
507
123
66
266
509
739
449
744
221
567
89
612
525
956
1000
102
691
829
980
924
377
283
658
616
229
208
626
474
230
43
926
107
1
205
440
534
840
22
406
881
770
579
709
982
374
498
941
626
468
144
704
242
368
20
896
209
602
914
882
165
292
209
887
399
461
769
849
291
244
646
654
18
249
640
997
544
18
992
657
931
671
626
911
130
740
765
780
990
872
16
810
514
720
782
293
348
260
664
310
321
853
543
198
144
174
854
685
912
817
46
544
416
655
721
253
102
347
801
331
226
935
887
293
444
323
581
713
739
896
123
705
121
968
722
533
319
121
20
718
719
26
918
291
400
9
287
285
67
515
729
215
229
115
819
556
614
526
844
398
507
518
77
910
989
559
620
414
632
368
785
930
517
306
641
688
970
476
822
629
495
465
179
956
24
801
990
181
25
549
261
3
683
345
856
598
729
148
433
815
715
606
796
974
632
487
697
233
829
366
991
269
230
739
978
421
162
927
45
17
80
752
812
346
819
767
882
229
205
777
956
532
723
871
879
170
25
271
725
853
59
689
700
994
592
319
215
420
974
38
179
950
381
860
138
152
315
170
961
983
828
165
512
744
85
109
704
325
922
459
274
428
953
79
635
683
35
697
435
785
830
904
660
106
530
298
84
832
254
82
638
111
399
840
131
599
756
929
216
278
199
490
811
518
367
966
484
633
688
684
829
881
537
151
801
711
881
813
513
232
404
322
394
943
241
550
754
638
335
119
415
296
66
399
235
226
530
334
643
589
635
560
956
770
689
30
517
925
77
469
491
734
523
607
89
850
999
22
112
313
772
665
952
948
421
72
733
532
116
649
194
963
96
27
54
314
626
221
33
800
796
55
693
925
915
857
89
862
818
496
190
457
771
490
149
427
534
443
543
679
775
907
807
346
924
633
209
405
830
108
85
856
369
255
412
853
223
316
114
221
944
421
713
965
812
956
871
88
518
782
573
253
907
823
250
972
968
186
895
625
