923
71
327
632
249
377
401
263
153
593
17
913
92
787
625
480
602
527
134
194
184
797
446
285
991
52
495
269
162
732
472
356
72
812
58
592
452
135
254
874
1000
593
169
997
575
675
621
465
245
23
671
523
753
352
805
90
186
653
422
988
159
682
364
208
789
915
108
332
639
429
416
266
692
995
868
883
558
292
855
232
177
522
617
134
332
111
393
379
230
560
681
580
919
464
830
591
489
388
807
348
319
552
618
105
68
118
176
995
389
447
1000
668
752
306
46
94
299
615
997
729
918
812
835
94
316
819
952
761
342
520
256
154
976
169
176
224
786
627
441
141
569
372
190
598
906
812
124
875
761
25
679
514
825
108
905
327
200
342
980
928
804
793
768
786
31
983
533
23
94
692
956
353
545
587
852
323
519
728
589
483
190
757
889
735
657
632
148
319
352
81
814
497
984
522
233
917
891
58
167
461
40
46
243
757
804
792
554
339
918
379
400
484
322
280
400
976
229
741
103
49
266
217
227
107
928
972
575
998
468
358
984
446
418
456
412
587
593
649
984
914
218
781
37
24
608
731
443
666
191
182
935
446
263
514
529
262
59
442
568
54
913
873
308
391
876
369
64
202
167
439
691
50
634
861
864
534
753
971
679
548
563
675
186
50
67
556
994
920
499
266
467
309
219
933
696
172
352
295
754
623
521
950
134
299
439
744
927
668
715
254
323
896
273
592
172
710
568
684
621
841
992
429
442
229
29
212
115
413
577
572
727
269
486
37
397
423
173
882
283
878
42
741
85
259
305
303
892
90
927
718
575
949
986
95
629
434
962
491
328
620
977
481
808
78
500
629
93
74
117
954
168
399
761
147
669
855
840
474
520
25
624
303
583
465
351
691
17
18
283
63
396
860
157
410
647
156
277
952
471
961
202
693
458
411
56
965
447
581
998
388
259
576
362
441
591
308
45
624
435
3
240
6
140
847
209
444
605
684
732
436
351
419
147
881
27
967
339
877
549
70
339
363
361
854
818
237
670
448
638
777
679
499
787
304
644
647
75
157
443
146
879
837
389
456
345
339
787
285
141
118
812
875
812
202
505
838
996
976
933
640
301
554
844
466
680
594
853
393
116
562
398
639
356
350
403
952
432
345
23
928
435
586
78
343
602
982
829
809
491
981
582
636
108
511
326
336
429
359
70
158
736
349
546
572
43
81
734
105
76
315
998
727
386
877
332
650
401
341
25
359
529
223
940
815
515
547
201
586
615
696
823
925
639
243
950
776
327
47
92
93
820
310
455
983
506
652
747
494
430
166
433
308
2
521
586
218
290
350
835
691
428
785
386
573
231
341
13
828
2
644
930
163
924
653
820
470
322
216
63
697
824
446
628
915
768
950
572
541
741
128
257
729
811
638
875
596
540
772
756
377
867
978
978
352
399
345
707
587
3
888
134
57
553
985
212
443
502
966
479
14
66
557
986
797
49
616
999
865
133
240
133
732
442
28
451
661
600
176
101
893
160
760
547
261
874
827
266
276
811
253
572
508
724
388
968
583
918
510
562
84
259
42
872
850
823
62
623
839
290
115
577
639
266
554
530
565
367
990
749
239
118
396
918
134
474
105
504
625
104
973
622
733
862
129
134
628
938
718
257
873
312
803
699
500
11
549
259
396
929
473
330
838
126
312
806
256
258
883
525
797
639
112
731
731
568
180
763
781
891
345
924
169
307
983
564
732
456
797
813
979
704
713
279
914
500
143
203
812
477
802
712
341
723
387
123
783
871
334
652
609
537
712
999
749
898
229
515
116
669
563
127
878
547
625
832
344
444
574
186
466
367
331
838
772
648
767
422
635
270
714
33
143
534
723
792
1
312
148
808
590
986
645
303
479
406
485
934
176
518
365
239
545
271
275
429
556
531
433
998
884
884
280
218
865
401
227
609
171
628
924
870
520
11
826
327
781
798
632
901
935
643
235
463
552
849
845
862
525
607
529
914
118
596
467
962
357
962
865
51
243
726
583
625
912
354
356
626
691
738
982
514
657
672
171
655
724
815
361
300
686
731
25
985
886
78
292
662
627
128
113
521
711
708
359
297
781
758
497
368
629
737
824
946
332
254
282
448
113
103
320
299
695
973
573
172
243
883
906
723
618
628
15
940
239
25
239
941
64
694
578
396
262
619
621
748
86
560
296
207
181
82
654
678
803
204
449
930
86
795
273
183
102
450
733
903
445
703
15
356
928
375
180
205
787
131
294
412
980
348
857
529
518
352
539
239
590
78
125
200
117
