469
355
3
514
394
849
784
135
899
896
477
941
625
84
842
23
652
432
192
172
919
75
513
161
495
384
803
551
566
193
636
722
329
872
955
325
684
507
477
415
468
236
995
381
199
626
225
862
469
756
161
165
665
877
128
703
970
944
541
228
774
108
453
312
821
788
526
749
306
337
340
407
983
462
315
61
425
148
802
295
708
190
689
11
164
688
153
797
809
760
19
188
222
396
965
572
826
918
281
803
640
308
745
622
197
983
145
709
390
93
70
647
165
467
979
110
60
885
265
494
648
472
658
826
381
287
423
957
427
927
968
337
199
904
182
241
453
777
393
454
768
150
941
208
203
653
117
275
772
910
957
814
373
903
892
853
324
912
169
795
470
553
488
178
579
702
522
111
5
547
532
747
255
926
876
710
640
283
804
164
786
530
976
901
87
885
657
361
854
560
916
174
13
814
215
35
149
344
482
579
302
503
134
923
770
981
393
800
570
636
481
583
909
328
483
814
425
565
314
770
666
59
180
225
604
943
289
886
661
475
90
709
740
869
998
360
199
639
633
600
164
42
781
545
162
338
25
79
952
483
847
879
178
196
979
176
857
51
94
291
842
530
868
421
244
804
895
541
819
217
62
622
664
216
367
963
889
394
118
198
535
48
894
957
697
87
272
99
922
894
213
257
67
552
207
540
84
995
940
932
776
521
556
556
890
918
952
589
161
536
196
959
644
192
974
333
626
74
896
453
210
969
756
326
995
467
991
486
892
809
854
341
261
609
948
752
487
615
691
377
191
179
892
824
137
505
527
292
477
700
636
208
306
106
667
760
603
418
266
92
819
120
275
758
297
367
829
318
157
937
477
764
991
798
25
362
271
283
887
585
956
342
296
951
657
75
62
29
206
346
205
551
669
277
698
411
215
844
105
554
802
785
32
304
845
685
902
860
478
982
472
525
111
336
959
65
437
248
109
941
600
860
159
775
707
220
602
957
530
315
529
849
53
969
137
607
856
36
450
133
910
826
354
466
563
119
235
622
102
605
439
429
414
12
166
275
248
27
896
191
850
980
961
18
260
861
539
934
191
822
707
205
215
685
976
84
860
52
86
217
313
656
478
400
230
913
633
800
572
100
276
915
596
274
53
172
413
340
117
904
172
394
158
651
325
561
25
958
258
874
733
623
282
254
826
665
313
800
738
682
999
862
260
904
687
709
206
639
505
328
23
673
78
525
24
966
20
79
144
573
596
774
353
943
70
183
445
139
400
612
761
469
805
342
64
796
582
227
38
154
811
772
414
511
641
537
889
143
985
296
847
852
328
170
693
483
283
229
742
495
416
351
59
625
884
475
409
279
749
411
454
771
46
766
812
907
593
798
718
784
40
666
709
624
662
16
53
915
44
167
313
182
923
295
623
784
544
205
624
863
721
929
499
800
13
629
513
720
646
423
772
781
112
983
460
116
126
108
973
878
582
520
450
919
28
556
432
246
184
652
423
34
676
424
635
188
123
173
779
993
453
220
158
885
694
511
849
908
937
62
698
615
12
786
85
131
664
207
875
749
919
389
491
84
349
719
313
232
696
11
308
624
76
449
256
307
865
754
42
554
422
822
489
567
803
221
198
471
857
53
78
492
782
22
43
780
972
855
273
84
243
114
739
147
857
914
451
242
818
398
625
299
593
663
567
525
878
66
11
982
734
74
642
626
222
706
182
935
325
843
939
816
945
812
871
862
912
216
572
920
595
690
324
971
472
5
29
344
418
553
750
69
219
541
400
337
939
827
522
428
644
686
349
543
475
515
587
688
380
626
409
783
488
546
248
28
844
937
975
755
496
648
776
33
877
848
652
199
54
160
526
689
919
674
449
14
636
882
503
70
550
163
267
565
292
518
984
555
455
974
292
734
961
124
460
378
291
1000
233
71
200
198
908
959
20
625
176
256
579
599
997
874
652
976
409
839
612
643
153
650
465
349
166
134
701
658
188
824
177
388
855
2
386
196
136
909
803
207
891
640
990
676
340
848
506
783
710
144
624
284
758
55
903
631
489
130
496
261
143
41
270
93
277
648
648
829
83
243
107
508
393
600
221
784
94
309
912
248
508
815
177
288
173
387
242
751
674
485
284
614
369
708
886
900
490
110
393
572
673
990
970
386
173
159
816
151
698
42
817
318
243
743
219
320
687
663
8
370
904
42
153
41
465
168
267
209
983
267
216
170
740
270
198
56
759
130
704
544
854
95
172
914
597
420
285
125
878
445
897
675
989
953
376
141
375
555
594
49
317
128
